11
-11
-60
-8
-35
-26
-12
34
-3
5
33
54
37
-9
-39
3
-6
25
-12
16
-24
-15
-11
48
-19
6
3
-34
21
-41
6
3
-30
65
0
-18
-62
-2
-12
-5
13
-46
-42
16
-21
28
-33
32
-37
-42
12
-19
27
54
46
-35
10
37
-9
-39
56
-46
-9
-40
15
25
13
-44
-27
47
-53
-15
-3
-27
27
-8
32
39
13
15
-17
22
-42
15
-24
11
47
-17
-59
20
-49
-18
45
14
-14
46
7
17
-17
8
45
-50
44
50
9
36
9
-54
73
-19
24
23
32
-39
-51
-37
-57
-44
3
-16
-89
-47
-44
6
-16
3
34
-57
21
-48
67
-61
8
37
0
20
-29
-67
31
56
73
49
-11
46
0
0
-10
16
-17
0
0
-17
0
0
31
29
-17
-21
3
-17
33
-25
15
24
-22
