_______________________________
Layer                 Num      
===============================
Input                 4        
_______________________________
Dense_1               10       
_______________________________
Dense_2               8        
_______________________________
Output				  3
===============================
===============================
acc: 0.9333
===============================

First Layer Weight:
(4, 10)
11	-35	-3	37	-6	-24	-19	21	-30	-62
-11	-26	5	-9	25	-15	6	-41	65	-2
-60	-12	33	-39	-12	-11	3	6	0	-12
-8	34	54	3	16	48	-34	3	-18	-5


First Layer Bias:
(10,)
0
0
-10
16
-17
0
0
-17
0
0


Second Layer Weight:
(10, 8)
13	12	56	-53	-17	-49	45	24
-46	-19	-46	-15	22	-18	-50	23
-42	27	-9	-3	-42	45	44	32
16	54	-40	-27	15	14	50	-39
-21	46	15	27	-24	-14	9	-51
28	-35	25	-8	11	46	36	-37
-33	10	13	32	47	7	9	-57
32	37	-44	39	-17	17	-54	-44
-37	-9	-27	13	-59	-17	73	3
-42	-39	47	15	20	8	-19	-16

Second Layer Bias:
(8,)
31
29
-17
-21
3
-17
33
-25


Output Layer Weight:
(8, 3)
-89	21	-29
-47	-48	-67
-44	67	31
6	-61	56
-16	8	73
3	37	49
34	0	-11
-57	20	46


Output Layer Bias:
(3,)
15
24
-22
